0   0.05 -280.8657  0.1284  0.0000  0.0933  0.1636
1   0.10 -153.0028  0.0684  0.0000  0.0462  0.0906
2   0.15  -78.4159  0.0332  0.0004  0.0147  0.0518
3   0.20  -42.6889  0.0170  0.0206  0.0026  0.0313
4   0.25  -17.0135  0.0052  0.3357 -0.0054  0.0157
5   0.30  -15.1901  0.0052  0.3761 -0.0064  0.0169
6   0.35  -13.6444  0.0054  0.3665 -0.0064  0.0172
7   0.40   -9.5036  0.0043  0.2500 -0.0030  0.0115
8   0.45   -4.0781  0.0020  0.5300 -0.0043  0.0083
9   0.50  -44.8170  0.0228  0.0000  0.0161  0.0295
10  0.55  -55.0305  0.0287  0.0000  0.0188  0.0386
11  0.60  -41.7754  0.0229  0.0000  0.0124  0.0333
12  0.65  -40.5613  0.0231  0.0000  0.0122  0.0340
13  0.70  -23.7821  0.0155  0.0045  0.0048  0.0263
14  0.75  -18.8157  0.0141  0.0451  0.0003  0.0279
15  0.80   -6.7021  0.0096  0.3072 -0.0088  0.0279
16  0.85   51.7619 -0.0178  0.0891 -0.0384  0.0027
17  0.90  102.7401 -0.0406  0.0026 -0.0669 -0.0142
18  0.95  326.0825 -0.1472  0.0000 -0.1866 -0.1078
​