 Copyright (C) 1995-2019 - All Rights Reserved
 University Corporation for Atmospheric Research
 NCAR Command Language Version 6.6.2
 The use of this software is governed by a License Agreement.
 See http://www.ncl.ucar.edu/ for more details.
(0)	sfac  = 0.9
(0)	icount = 3515
(0)	Mean Median and Sdev = 5.455531411914367 3.186647905305528 23.20123675646162
(0)	icount, NTHU, NTHL =  3515 3163 351
(0)	0 11589 102 -134.7375447804701
(0)	1 10801 58 -126.8877410061356
(0)	2 9577 44 -105.8277268053477
(0)	3 12943 19 -101.492804434494
(0)	4 9577 40 -87.30968391241363
(0)	5 11589 96 -83.65693144923094
(0)	6 10783 30 -82.43330646907943
(0)	7 12387 66 -80.37766806884102
(0)	8 10736 76 -77.82457564883316
(0)	9 11903 38 -75.60298511234127
(0)	10 11512 20 -74.31022018517308
(0)	11 11804 120 -70.81227411155005
(0)	12 9691 60 -70.39070197652448
(0)	13 11898 30 -68.8728377034614
(0)	14 11463 26 -68.44656109384236
(0)	15 9577 2 -68.09463292539544
(0)	16 11027 68 -67.94381026281806
(0)	17 12222 36 -66.1956176650389
(0)	18 9326 28 -66.19081828482622
(0)	19 11027 72 -65.72980913163855
(0)	20 12913 24 -65.72712573716994
(0)	21 12548 4 -62.26283508488936
(0)	22 12197 75 -61.15440644484283
(0)	23 11789 118 -60.51684902371519
(0)	24 11776 80 -60.3587675010086
(0)	25 12839 6 -59.85114307976237
(0)	26 9664 36 -59.28093262458303
(0)	27 9983 80 -58.68429507798521
(0)	28 10484 102 -58.6681343242665
(0)	29 11512 36 -58.28433991314148
(0)	30 9206 64 -57.93170119793547
(0)	31 9119 2 -57.14844535383146
(0)	32 12943 12 -57.02816654068459
(0)	33 10789 68 -56.75124102177622
(0)	34 11903 30 -56.67484640791047
(0)	35 9765 36 -55.2276386311016
(0)	36 10484 104 -54.05983892572383
(0)	37 9203 36 -53.28966339221489
(0)	38 9984 58 -52.9821002628381
(0)	39 9892 22 -52.02871631981869
(0)	40 11699 10 -50.75991381309137
(0)	41 11912 46 -49.87893321524319
(0)	42 11154 24 -49.8720591910749
(0)	43 11793 26 -49.84183865336673
(0)	44 9984 56 -49.82962300067137
(0)	45 11903 34 -49.39171639189806
(0)	46 11463 24 -49.2916240790378
(0)	47 11804 112 -48.03830848929872
(0)	48 11879 24 -47.98025090067069
(0)	49 11800 12 -47.86682919791809
(0)	50 11439 46 -47.77986721633022
(0)	51 12121 2 -47.44792591700027
(0)	52 12603 64 -47.30498077834592
(0)	53 9564 50 -47.12239641693586
(0)	54 9874 32 -45.92586159342608
(0)	55 12788 66 -45.37351837572801
(0)	56 11648 44 -44.44054621622632
(0)	57 10351 58 -43.53835402260371
(0)	58 10944 55 -43.34763481024832
(0)	59 10125 50 -43.12475238621361
(0)	60 11267 100 -42.65965942784303
(0)	61 11692 26 -41.39341800907132
(0)	62 12788 62 -41.31410389986132
(0)	63 9577 48 -41.24922015316149
(0)	64 11669 58 -40.91151174159911
(0)	65 11700 52 -40.70738366006367
(0)	66 11267 56 -40.61830232716665
(0)	67 11797 129 -40.39417609871595
(0)	68 12913 22 -40.32114928600393
(0)	69 12222 40 -40.08712241275803
(0)	70 9101 64 -39.45742830308735
(0)	71 11587 18 -39.34921882431804
(0)	72 10736 74 -39.11829443082167
(0)	73 10125 76 -38.78630071344774
(0)	74 11581 16 -38.59743750046536
(0)	75 12845 12 -38.37601374680507
(0)	76 11662 32 -38.22221233584154
(0)	77 12400 84 -37.97514040385248
(0)	78 9660 48 -37.95300173354516
(0)	79 11594 4 -37.94061507708288
(0)	80 11912 48 -37.89453401647812
(0)	81 12121 4 -37.85887696055555
(0)	82 11662 28 -37.82508016163036
(0)	83 10668 54 -37.80929866925268
(0)	84 13002 86 -37.714781070338
(0)	85 10374 20 -37.69406581311637
(0)	86 9874 100 -37.45582463360299
(0)	87 11147 30 -37.07415090432858
(0)	88 11699 24 -37.03558875102789
(0)	89 12584 50 -37.01618778028959
(0)	90 10130 74 -36.96426857206821
(0)	91 10354 20 -36.81808747292894
(0)	92 10228 54 -36.41526422522131
(0)	93 12213 26 -36.12288699512381
(0)	94 12554 14 -35.87315346653454
(0)	95 11700 34 -35.80178752782041
(0)	96 11865 32 -35.79177206456104
(0)	97 9998 86 -35.6189678597969
(0)	98 9080 16 -35.60392541749011
(0)	99 11872 23 -35.54260915021161
(0)	100 12005 63 -35.48068674763693
(0)	101 9215 68 -35.42899186285086
(0)	102 9689 30 -35.08414313482529
(0)	103 11474 74 -35.01435790131562
(0)	104 12484 52 -35.0140936343314
(0)	105 12200 74 -35.00332186884553
(0)	106 9070 14 -34.88093520059353
(0)	107 10916 109 -34.62455620388643
(0)	108 11159 4 -34.2604952670587
(0)	109 10736 86 -34.18880754471396
(0)	110 11386 68 -33.95246063482409
(0)	111 12013 36 -33.72294129273298
(0)	112 11873 73 -33.64897777006689
(0)	113 11873 51 -33.46425536666258
(0)	114 9091 88 -33.44602600269495
(0)	115 12981 44 -33.18592001993034
(0)	116 10797 74 -33.06145564129913
(0)	117 10260 86 -32.42147421624264
(0)	118 12897 62 -32.38440211486182
(0)	119 12095 34 -32.38235483450961
(0)	120 10811 62 -32.37925647403052
(0)	121 11879 30 -32.33761013966999
(0)	122 11789 104 -32.07634659135387
(0)	123 9577 0 -32.04852837109947
(0)	124 12992 30 -31.89299501335366
(0)	125 10783 26 -31.88190181409811
(0)	126 11700 72 -31.85765895452294
(0)	127 11267 58 -31.82484064485298
(0)	128 11439 10 -31.79274728089532
(0)	129 9691 58 -31.76827798220586
(0)	130 9778 16 -31.68297791876163
(0)	131 10484 34 -31.64894383690091
(0)	132 10797 76 -31.49646585711655
(0)	133 9874 44 -31.46918069436752
(0)	134 10267 50 -31.4525780884791
(0)	135 11151 107 -31.44755690870164
(0)	136 9101 58 -31.42661141993741
(0)	137 11159 2 -31.11087624016178
(0)	138 10374 18 -31.05561087758805
(0)	139 11267 54 -31.04981087485222
(0)	140 11496 6 -31.04897153495607
(0)	141 9089 32 -31.02546764512758
(0)	142 10484 90 -30.89060036970701
(0)	143 10267 44 -30.79612266159857
(0)	144 12976 92 -30.64376405923759
(0)	145 11157 62 -30.60358737096601
(0)	146 10944 57 -30.59673781117499
(0)	147 12387 70 -30.48973160711827
(0)	148 12492 22 -30.46743890568204
(0)	149 9765 26 -30.44838420936588
(0)	150 11496 8 -30.39383265595829
(0)	151 10354 22 -30.35063542187558
(0)	152 11050 74 -30.32635313882685
(0)	153 11398 14 -30.27136699670427
(0)	154 12584 92 -30.26989984092428
(0)	155 11386 60 -30.23298941535982
(0)	156 11800 14 -30.21968004560615
(0)	157 11027 44 -30.18976846192275
(0)	158 12573 44 -30.13758557519438
(0)	159 11394 14 -30.01987891725125
(0)	160 11944 54 -29.76185589905898
(0)	161 9416 24 -29.74122246696954
(0)	162 12679 80 -29.65890447561892
(0)	163 10944 67 -29.60476642510328
(0)	164 12584 56 -29.25116158203924
(0)	165 9416 16 -29.20099328512674
(0)	166 11807 84 -29.01438343538707
(0)	167 11773 4 -28.93283290583596
(0)	168 10696 46 -28.73078772323363
(0)	169 10354 24 -28.65538218563974
(0)	170 11185 48 -28.63742894824216
(0)	171 11439 70 -28.61248467172454
(0)	172 11138 56 -28.60713491249523
(0)	173 9646 4 -28.54930029880289
(0)	174 11879 34 -28.50616289684487
(0)	175 9997 28 -28.48557356489265
(0)	176 11885 46 -28.47948124559144
(0)	177 11873 59 -28.4227936064417
(0)	178 12573 46 -28.37744563427949
(0)	179 12839 12 -28.35818059686565
(0)	180 11885 18 -28.34658880449978
(0)	181 11357 120 -28.23711172813604
(0)	182 11050 76 -28.2252409267744
(0)	183 10695 26 -28.20620687873502
(0)	184 11797 117 -28.17850613380794
(0)	185 11900 56 -28.11724314633869
(0)	186 11439 68 -28.10374833479624
(0)	187 9412 16 -27.9728127060781
(0)	188 10125 80 -27.5302721145254
(0)	189 11885 30 -27.45264494474653
(0)	190 11439 8 -27.44224778736797
(0)	191 11463 18 -27.41413511517563
(0)	192 11567 6 -27.38151232610027
(0)	193 10586 92 -27.14551463409607
(0)	194 12397 48 -27.11463979824219
(0)	195 10228 16 -27.11262257517933
(0)	196 9874 98 -26.97191218722375
(0)	197 12926 62 -26.87781870964951
(0)	198 11154 26 -26.74301972899865
(0)	199 11594 168 -26.59334870422738
(0)	200 11776 76 -26.59264283680294
(0)	201 9564 44 -26.48362173127957
(0)	202 12554 32 -26.38421137002222
(0)	203 10125 52 -26.15089010502714
(0)	204 10944 53 -26.03222323842415
(0)	205 11382 8 -25.93251296518418
(0)	206 10832 40 -25.92783425427647
(0)	207 12584 160 -25.65878949634553
(0)	208 10668 28 -25.62606037218017
(0)	209 9206 40 -25.58957202860737
(0)	210 11496 20 -25.58015055683216
(0)	211 12716 14 -25.56418247045334
(0)	212 9205 64 -25.50675050307789
(0)	213 11357 88 -25.41561593138471
(0)	214 10228 14 -25.25012424882187
(0)	215 12178 102 -25.23548379021215
(0)	216 12400 60 -25.23524367721588
(0)	217 11886 74 -25.20036464301495
(0)	218 9892 38 -25.12367976094382
(0)	219 11944 12 -25.12306214277512
(0)	220 9548 54 -25.11344126544858
(0)	221 12013 38 -24.99867972382219
(0)	222 11587 4 -24.79030846638294
(0)	223 11357 106 -24.7049364069748
(0)	224 11669 38 -24.49954135680478
(0)	225 9678 38 -24.49338527658432
(0)	226 12188 22 -24.46526837074803
(0)	227 11699 12 -24.41627144567713
(0)	228 12992 12 -24.41226314112329
(0)	229 10484 80 -24.37219372872115
(0)	230 9206 60 -23.86196528360198
(0)	231 13002 94 -23.84303762686311
(0)	232 10586 90 -23.83076930737857
(0)	233 11439 56 -23.69418391093447
(0)	234 11781 62 -23.60059779196561
(0)	235 11474 70 -23.54646698241245
(0)	236 11873 57 -23.53423496368865
(0)	237 10484 2 -23.50833832395746
(0)	238 11797 175 -23.34320946511137
(0)	239 11357 84 -23.33567025068306
(0)	240 11793 10 -23.25455578152651
(0)	241 9874 94 -23.23150326737735
(0)	242 11944 28 -23.19000243716764
(0)	243 13002 90 -23.18452390548636
(0)	244 11879 18 -23.14684724651981
(0)	245 11157 64 -23.13247641710635
(0)	246 12554 12 -23.03793658090959
(0)	247 12992 26 -22.99797553196776
(0)	248 12584 96 -22.99069295871295
(0)	249 12687 54 -22.98688198395589
(0)	250 11474 72 -22.93472914129577
(0)	251 10489 30 -22.87463236163
(0)	252 10489 4 -22.84579934937511
(0)	253 9533 26 -22.80524397179883
(0)	254 12788 60 -22.74783109883097
(0)	255 11394 12 -22.73515294318321
(0)	256 11474 64 -22.71226763113283
(0)	257 9541 30 -22.67838524234879
(0)	258 12389 78 -22.67563932038956
(0)	259 11865 30 -22.66619548500501
(0)	260 11581 4 -22.5747031773489
(0)	261 12573 30 -22.56622960680391
(0)	262 9192 104 -22.45499023681233
(0)	263 10784 49 -22.3827958222213
(0)	264 12545 36 -22.37720999818895
(0)	265 10271 22 -22.37633168058029
(0)	266 9119 0 -22.36896355243606
(0)	267 9101 40 -22.2757518612113
(0)	268 10944 61 -22.20417410002903
(0)	269 10832 20 -22.17470634004247
(0)	270 9998 80 -22.07346025166597
(0)	271 10130 78 -22.07025450246937
(0)	272 10736 80 -22.06113528648725
(0)	273 10351 60 -22.0467938168075
(0)	274 11912 50 -21.90429612966315
(0)	275 9672 12 -21.8648016388742
(0)	276 10225 8 -21.84496269867709
(0)	277 9101 68 -21.8416271975837
(0)	278 11773 2 -21.74561829756003
(0)	279 11594 110 -21.67808099944932
(0)	280 11898 48 -21.64027185323329
(0)	281 12184 45 -21.60363765846104
(0)	282 10784 39 -21.43990199761464
(0)	283 9205 56 -21.422671235648
(0)	284 9570 36 -21.40791661898308
(0)	285 11594 14 -21.40027585206811
(0)	286 10246 46 -21.32741730509886
(0)	287 11902 74 -21.31997196525518
(0)	288 10915 102 -21.31239675316059
(0)	289 11159 6 -21.15198023757657
(0)	290 9533 28 -21.05186126285102
(0)	291 11588 20 -20.92787170402008
(0)	292 11594 128 -20.68112228646383
(0)	293 12548 24 -20.65786354157019
(0)	294 11669 8 -20.60082715212814
(0)	295 12584 54 -20.60021097444064
(0)	296 11797 113 -20.55985584007495
(0)	297 11477 50 -20.53976333715915
(0)	298 12687 52 -20.43460997690145
(0)	299 12992 44 -20.40778065562994
(0)	300 9778 8 -20.39080569482373
(0)	301 9332 26 -20.27082436452188
(0)	302 11825 38 -20.04274519498453
(0)	303 11944 18 -19.97758290365832
(0)	304 11439 48 -19.95206175259055
(0)	305 11669 76 -19.88928793063037
(0)	306 11879 40 -19.85837716901031
(0)	307 11260 88 -19.83419810008998
(0)	308 12573 42 -19.82068496574865
(0)	309 9332 20 -19.65290578409967
(0)	310 10250 66 -19.54889976011762
(0)	311 12676 52 -19.46961542098027
(0)	312 11469 68 -19.46203636177973
(0)	313 9678 32 -19.39255364806869
(0)	314 12545 12 -19.35663526826661
(0)	315 11944 50 -19.33048713463358
(0)	316 10586 88 -19.25765985003434
(0)	317 12584 58 -19.25650988816771
(0)	318 12384 60 -19.2087311010088
(0)	319 10799 24 -19.10566391742777
(0)	320 12897 64 -18.97336320694318
(0)	321 11900 48 -18.93940028025939
(0)	322 10228 22 -18.91758864496995
(0)	323 10250 64 -18.82317242023365
(0)	324 12384 32 -18.82128359724185
(0)	325 9541 36 -18.79476797824813
(0)	326 11496 18 -18.77789410800512
(0)	327 11594 10 -18.77213817998145
(0)	328 11594 132 -18.76621584391224
(0)	329 11902 34 -18.70369819539131
(0)	330 12943 21 -18.68489996037898
(0)	331 11944 42 -18.67540441191719
(0)	332 10125 86 -18.60839183542919
(0)	333 11157 60 -18.55111360746036
(0)	334 12759 4 -18.52537707931843
(0)	335 12576 92 -18.47141578940085
(0)	336 10818 64 -18.47130828433493
(0)	337 9875 16 -18.40421772099118
(0)	338 12772 56 -18.40156629168854
(0)	339 10228 24 -18.37159276077839
(0)	340 11477 46 -18.30686123799811
(0)	341 9874 50 -18.28681779641724
(0)	342 11886 96 -18.28034523883606
(0)	343 12005 58 -18.25383839401225
(0)	344 11886 90 -18.25221853188328
(0)	345 12400 98 -18.2026302781974
(0)	346 10260 88 -18.19168000140442
(0)	347 10351 52 -18.16615603128693
(0)	348 9203 44 -18.14079226466267
(0)	349 11567 8 -18.10898632280973
(0)	350 12409 86 -18.03483142797429
(0)	351 12584 98 -17.98950524939305
(0)	0 5 11589 11589
(0)	2 4 9577 9577
(0)	2 15 9577 9577
(0)	2 63 9577 9577
(0)	2 123 9577 9577
(0)	3 32 12943 12943
(0)	3 330 12943 12943
(0)	4 2 9577 9577
(0)	4 15 9577 9577
(0)	4 63 9577 9577
(0)	4 123 9577 9577
(0)	5 0 11589 11589
(0)	6 125 10783 10783
(0)	7 147 12387 12387
(0)	8 72 10736 10736
(0)	8 109 10736 10736
(0)	8 272 10736 10736
(0)	9 34 11903 11903
(0)	9 45 11903 11903
(0)	10 29 11512 11512
(0)	11 47 11804 11804
(0)	12 129 9691 9691
(0)	13 280 11898 11898
(0)	14 46 11463 11463
(0)	14 191 11463 11463
(0)	15 2 9577 9577
(0)	15 4 9577 9577
(0)	15 63 9577 9577
(0)	15 123 9577 9577
(0)	16 19 11027 11027
(0)	16 157 11027 11027
(0)	17 69 12222 12222
(0)	19 16 11027 11027
(0)	19 157 11027 11027
(0)	20 68 12913 12913
(0)	21 293 12548 12548
(0)	23 122 11789 11789
(0)	24 200 11776 11776
(0)	25 179 12839 12839
(0)	28 36 10484 10484
(0)	28 131 10484 10484
(0)	28 142 10484 10484
(0)	28 229 10484 10484
(0)	28 237 10484 10484
(0)	29 10 11512 11512
(0)	30 209 9206 9206
(0)	30 230 9206 9206
(0)	31 266 9119 9119
(0)	32 3 12943 12943
(0)	32 330 12943 12943
(0)	34 9 11903 11903
(0)	34 45 11903 11903
(0)	35 149 9765 9765
(0)	36 28 10484 10484
(0)	36 131 10484 10484
(0)	36 142 10484 10484
(0)	36 229 10484 10484
(0)	36 237 10484 10484
(0)	37 348 9203 9203
(0)	38 44 9984 9984
(0)	39 218 9892 9892
(0)	40 88 11699 11699
(0)	40 227 11699 11699
(0)	41 80 11912 11912
(0)	41 274 11912 11912
(0)	42 198 11154 11154
(0)	43 240 11793 11793
(0)	44 38 9984 9984
(0)	45 9 11903 11903
(0)	45 34 11903 11903
(0)	46 14 11463 11463
(0)	46 191 11463 11463
(0)	47 11 11804 11804
(0)	48 121 11879 11879
(0)	48 174 11879 11879
(0)	48 244 11879 11879
(0)	48 306 11879 11879
(0)	49 156 11800 11800
(0)	50 128 11439 11439
(0)	50 171 11439 11439
(0)	50 186 11439 11439
(0)	50 190 11439 11439
(0)	50 233 11439 11439
(0)	50 304 11439 11439
(0)	51 81 12121 12121
(0)	53 201 9564 9564
(0)	54 86 9874 9874
(0)	54 133 9874 9874
(0)	54 196 9874 9874
(0)	54 241 9874 9874
(0)	54 341 9874 9874
(0)	55 62 12788 12788
(0)	55 254 12788 12788
(0)	57 273 10351 10351
(0)	57 347 10351 10351
(0)	58 146 10944 10944
(0)	58 163 10944 10944
(0)	58 204 10944 10944
(0)	58 268 10944 10944
(0)	59 73 10125 10125
(0)	59 188 10125 10125
(0)	59 203 10125 10125
(0)	59 332 10125 10125
(0)	60 66 11267 11267
(0)	60 127 11267 11267
(0)	60 139 11267 11267
(0)	62 55 12788 12788
(0)	62 254 12788 12788
(0)	63 2 9577 9577
(0)	63 4 9577 9577
(0)	63 15 9577 9577
(0)	63 123 9577 9577
(0)	64 224 11669 11669
(0)	64 294 11669 11669
(0)	64 305 11669 11669
(0)	65 95 11700 11700
(0)	65 126 11700 11700
(0)	66 60 11267 11267
(0)	66 127 11267 11267
(0)	66 139 11267 11267
(0)	67 184 11797 11797
(0)	67 238 11797 11797
(0)	67 296 11797 11797
(0)	68 20 12913 12913
(0)	69 17 12222 12222
(0)	70 136 9101 9101
(0)	70 267 9101 9101
(0)	70 277 9101 9101
(0)	71 222 11587 11587
(0)	72 8 10736 10736
(0)	72 109 10736 10736
(0)	72 272 10736 10736
(0)	73 59 10125 10125
(0)	73 188 10125 10125
(0)	73 203 10125 10125
(0)	73 332 10125 10125
(0)	74 260 11581 11581
(0)	76 82 11662 11662
(0)	77 216 12400 12400
(0)	77 345 12400 12400
(0)	79 199 11594 11594
(0)	79 279 11594 11594
(0)	79 285 11594 11594
(0)	79 292 11594 11594
(0)	79 327 11594 11594
(0)	79 328 11594 11594
(0)	80 41 11912 11912
(0)	80 274 11912 11912
(0)	81 51 12121 12121
(0)	82 76 11662 11662
(0)	83 208 10668 10668
(0)	84 231 13002 13002
(0)	84 243 13002 13002
(0)	85 138 10374 10374
(0)	86 54 9874 9874
(0)	86 133 9874 9874
(0)	86 196 9874 9874
(0)	86 241 9874 9874
(0)	86 341 9874 9874
(0)	88 40 11699 11699
(0)	88 227 11699 11699
(0)	89 154 12584 12584
(0)	89 164 12584 12584
(0)	89 207 12584 12584
(0)	89 248 12584 12584
(0)	89 295 12584 12584
(0)	89 317 12584 12584
(0)	89 351 12584 12584
(0)	90 271 10130 10130
(0)	91 151 10354 10354
(0)	91 169 10354 10354
(0)	92 195 10228 10228
(0)	92 214 10228 10228
(0)	92 322 10228 10228
(0)	92 339 10228 10228
(0)	94 202 12554 12554
(0)	94 246 12554 12554
(0)	95 65 11700 11700
(0)	95 126 11700 11700
(0)	96 259 11865 11865
(0)	97 270 9998 9998
(0)	100 343 12005 12005
(0)	103 235 11474 11474
(0)	103 250 11474 11474
(0)	103 256 11474 11474
(0)	108 137 11159 11159
(0)	108 289 11159 11159
(0)	109 8 10736 10736
(0)	109 72 10736 10736
(0)	109 272 10736 10736
(0)	110 155 11386 11386
(0)	111 221 12013 12013
(0)	112 113 11873 11873
(0)	112 177 11873 11873
(0)	112 236 11873 11873
(0)	113 112 11873 11873
(0)	113 177 11873 11873
(0)	113 236 11873 11873
(0)	116 132 10797 10797
(0)	117 346 10260 10260
(0)	118 320 12897 12897
(0)	121 48 11879 11879
(0)	121 174 11879 11879
(0)	121 244 11879 11879
(0)	121 306 11879 11879
(0)	122 23 11789 11789
(0)	123 2 9577 9577
(0)	123 4 9577 9577
(0)	123 15 9577 9577
(0)	123 63 9577 9577
(0)	124 228 12992 12992
(0)	124 247 12992 12992
(0)	124 299 12992 12992
(0)	125 6 10783 10783
(0)	126 65 11700 11700
(0)	126 95 11700 11700
(0)	127 60 11267 11267
(0)	127 66 11267 11267
(0)	127 139 11267 11267
(0)	128 50 11439 11439
(0)	128 171 11439 11439
(0)	128 186 11439 11439
(0)	128 190 11439 11439
(0)	128 233 11439 11439
(0)	128 304 11439 11439
(0)	129 12 9691 9691
(0)	130 300 9778 9778
(0)	131 28 10484 10484
(0)	131 36 10484 10484
(0)	131 142 10484 10484
(0)	131 229 10484 10484
(0)	131 237 10484 10484
(0)	132 116 10797 10797
(0)	133 54 9874 9874
(0)	133 86 9874 9874
(0)	133 196 9874 9874
(0)	133 241 9874 9874
(0)	133 341 9874 9874
(0)	134 143 10267 10267
(0)	136 70 9101 9101
(0)	136 267 9101 9101
(0)	136 277 9101 9101
(0)	137 108 11159 11159
(0)	137 289 11159 11159
(0)	138 85 10374 10374
(0)	139 60 11267 11267
(0)	139 66 11267 11267
(0)	139 127 11267 11267
(0)	140 150 11496 11496
(0)	140 210 11496 11496
(0)	140 326 11496 11496
(0)	142 28 10484 10484
(0)	142 36 10484 10484
(0)	142 131 10484 10484
(0)	142 229 10484 10484
(0)	142 237 10484 10484
(0)	143 134 10267 10267
(0)	145 245 11157 11157
(0)	145 333 11157 11157
(0)	146 58 10944 10944
(0)	146 163 10944 10944
(0)	146 204 10944 10944
(0)	146 268 10944 10944
(0)	147 7 12387 12387
(0)	149 35 9765 9765
(0)	150 140 11496 11496
(0)	150 210 11496 11496
(0)	150 326 11496 11496
(0)	151 91 10354 10354
(0)	151 169 10354 10354
(0)	152 182 11050 11050
(0)	154 89 12584 12584
(0)	154 164 12584 12584
(0)	154 207 12584 12584
(0)	154 248 12584 12584
(0)	154 295 12584 12584
(0)	154 317 12584 12584
(0)	154 351 12584 12584
(0)	155 110 11386 11386
(0)	156 49 11800 11800
(0)	157 16 11027 11027
(0)	157 19 11027 11027
(0)	158 178 12573 12573
(0)	158 261 12573 12573
(0)	158 308 12573 12573
(0)	159 255 11394 11394
(0)	160 219 11944 11944
(0)	160 242 11944 11944
(0)	160 303 11944 11944
(0)	160 315 11944 11944
(0)	160 331 11944 11944
(0)	161 165 9416 9416
(0)	163 58 10944 10944
(0)	163 146 10944 10944
(0)	163 204 10944 10944
(0)	163 268 10944 10944
(0)	164 89 12584 12584
(0)	164 154 12584 12584
(0)	164 207 12584 12584
(0)	164 248 12584 12584
(0)	164 295 12584 12584
(0)	164 317 12584 12584
(0)	164 351 12584 12584
(0)	165 161 9416 9416
(0)	167 278 11773 11773
(0)	169 91 10354 10354
(0)	169 151 10354 10354
(0)	171 50 11439 11439
(0)	171 128 11439 11439
(0)	171 186 11439 11439
(0)	171 190 11439 11439
(0)	171 233 11439 11439
(0)	171 304 11439 11439
(0)	174 48 11879 11879
(0)	174 121 11879 11879
(0)	174 244 11879 11879
(0)	174 306 11879 11879
(0)	176 180 11885 11885
(0)	176 189 11885 11885
(0)	177 112 11873 11873
(0)	177 113 11873 11873
(0)	177 236 11873 11873
(0)	178 158 12573 12573
(0)	178 261 12573 12573
(0)	178 308 12573 12573
(0)	179 25 12839 12839
(0)	180 176 11885 11885
(0)	180 189 11885 11885
(0)	181 213 11357 11357
(0)	181 223 11357 11357
(0)	181 239 11357 11357
(0)	182 152 11050 11050
(0)	184 67 11797 11797
(0)	184 238 11797 11797
(0)	184 296 11797 11797
(0)	185 321 11900 11900
(0)	186 50 11439 11439
(0)	186 128 11439 11439
(0)	186 171 11439 11439
(0)	186 190 11439 11439
(0)	186 233 11439 11439
(0)	186 304 11439 11439
(0)	188 59 10125 10125
(0)	188 73 10125 10125
(0)	188 203 10125 10125
(0)	188 332 10125 10125
(0)	189 176 11885 11885
(0)	189 180 11885 11885
(0)	190 50 11439 11439
(0)	190 128 11439 11439
(0)	190 171 11439 11439
(0)	190 186 11439 11439
(0)	190 233 11439 11439
(0)	190 304 11439 11439
(0)	191 14 11463 11463
(0)	191 46 11463 11463
(0)	192 349 11567 11567
(0)	193 232 10586 10586
(0)	193 316 10586 10586
(0)	195 92 10228 10228
(0)	195 214 10228 10228
(0)	195 322 10228 10228
(0)	195 339 10228 10228
(0)	196 54 9874 9874
(0)	196 86 9874 9874
(0)	196 133 9874 9874
(0)	196 241 9874 9874
(0)	196 341 9874 9874
(0)	198 42 11154 11154
(0)	199 79 11594 11594
(0)	199 279 11594 11594
(0)	199 285 11594 11594
(0)	199 292 11594 11594
(0)	199 327 11594 11594
(0)	199 328 11594 11594
(0)	200 24 11776 11776
(0)	201 53 9564 9564
(0)	202 94 12554 12554
(0)	202 246 12554 12554
(0)	203 59 10125 10125
(0)	203 73 10125 10125
(0)	203 188 10125 10125
(0)	203 332 10125 10125
(0)	204 58 10944 10944
(0)	204 146 10944 10944
(0)	204 163 10944 10944
(0)	204 268 10944 10944
(0)	206 269 10832 10832
(0)	207 89 12584 12584
(0)	207 154 12584 12584
(0)	207 164 12584 12584
(0)	207 248 12584 12584
(0)	207 295 12584 12584
(0)	207 317 12584 12584
(0)	207 351 12584 12584
(0)	208 83 10668 10668
(0)	209 30 9206 9206
(0)	209 230 9206 9206
(0)	210 140 11496 11496
(0)	210 150 11496 11496
(0)	210 326 11496 11496
(0)	212 283 9205 9205
(0)	213 181 11357 11357
(0)	213 223 11357 11357
(0)	213 239 11357 11357
(0)	214 92 10228 10228
(0)	214 195 10228 10228
(0)	214 322 10228 10228
(0)	214 339 10228 10228
(0)	216 77 12400 12400
(0)	216 345 12400 12400
(0)	217 342 11886 11886
(0)	217 344 11886 11886
(0)	218 39 9892 9892
(0)	219 160 11944 11944
(0)	219 242 11944 11944
(0)	219 303 11944 11944
(0)	219 315 11944 11944
(0)	219 331 11944 11944
(0)	221 111 12013 12013
(0)	222 71 11587 11587
(0)	223 181 11357 11357
(0)	223 213 11357 11357
(0)	223 239 11357 11357
(0)	224 64 11669 11669
(0)	224 294 11669 11669
(0)	224 305 11669 11669
(0)	225 313 9678 9678
(0)	227 40 11699 11699
(0)	227 88 11699 11699
(0)	228 124 12992 12992
(0)	228 247 12992 12992
(0)	228 299 12992 12992
(0)	229 28 10484 10484
(0)	229 36 10484 10484
(0)	229 131 10484 10484
(0)	229 142 10484 10484
(0)	229 237 10484 10484
(0)	230 30 9206 9206
(0)	230 209 9206 9206
(0)	231 84 13002 13002
(0)	231 243 13002 13002
(0)	232 193 10586 10586
(0)	232 316 10586 10586
(0)	233 50 11439 11439
(0)	233 128 11439 11439
(0)	233 171 11439 11439
(0)	233 186 11439 11439
(0)	233 190 11439 11439
(0)	233 304 11439 11439
(0)	235 103 11474 11474
(0)	235 250 11474 11474
(0)	235 256 11474 11474
(0)	236 112 11873 11873
(0)	236 113 11873 11873
(0)	236 177 11873 11873
(0)	237 28 10484 10484
(0)	237 36 10484 10484
(0)	237 131 10484 10484
(0)	237 142 10484 10484
(0)	237 229 10484 10484
(0)	238 67 11797 11797
(0)	238 184 11797 11797
(0)	238 296 11797 11797
(0)	239 181 11357 11357
(0)	239 213 11357 11357
(0)	239 223 11357 11357
(0)	240 43 11793 11793
(0)	241 54 9874 9874
(0)	241 86 9874 9874
(0)	241 133 9874 9874
(0)	241 196 9874 9874
(0)	241 341 9874 9874
(0)	242 160 11944 11944
(0)	242 219 11944 11944
(0)	242 303 11944 11944
(0)	242 315 11944 11944
(0)	242 331 11944 11944
(0)	243 84 13002 13002
(0)	243 231 13002 13002
(0)	244 48 11879 11879
(0)	244 121 11879 11879
(0)	244 174 11879 11879
(0)	244 306 11879 11879
(0)	245 145 11157 11157
(0)	245 333 11157 11157
(0)	246 94 12554 12554
(0)	246 202 12554 12554
(0)	247 124 12992 12992
(0)	247 228 12992 12992
(0)	247 299 12992 12992
(0)	248 89 12584 12584
(0)	248 154 12584 12584
(0)	248 164 12584 12584
(0)	248 207 12584 12584
(0)	248 295 12584 12584
(0)	248 317 12584 12584
(0)	248 351 12584 12584
(0)	249 298 12687 12687
(0)	250 103 11474 11474
(0)	250 235 11474 11474
(0)	250 256 11474 11474
(0)	251 252 10489 10489
(0)	252 251 10489 10489
(0)	253 290 9533 9533
(0)	254 55 12788 12788
(0)	254 62 12788 12788
(0)	255 159 11394 11394
(0)	256 103 11474 11474
(0)	256 235 11474 11474
(0)	256 250 11474 11474
(0)	257 325 9541 9541
(0)	259 96 11865 11865
(0)	260 74 11581 11581
(0)	261 158 12573 12573
(0)	261 178 12573 12573
(0)	261 308 12573 12573
(0)	263 282 10784 10784
(0)	264 314 12545 12545
(0)	266 31 9119 9119
(0)	267 70 9101 9101
(0)	267 136 9101 9101
(0)	267 277 9101 9101
(0)	268 58 10944 10944
(0)	268 146 10944 10944
(0)	268 163 10944 10944
(0)	268 204 10944 10944
(0)	269 206 10832 10832
(0)	270 97 9998 9998
(0)	271 90 10130 10130
(0)	272 8 10736 10736
(0)	272 72 10736 10736
(0)	272 109 10736 10736
(0)	273 57 10351 10351
(0)	273 347 10351 10351
(0)	274 41 11912 11912
(0)	274 80 11912 11912
(0)	277 70 9101 9101
(0)	277 136 9101 9101
(0)	277 267 9101 9101
(0)	278 167 11773 11773
(0)	279 79 11594 11594
(0)	279 199 11594 11594
(0)	279 285 11594 11594
(0)	279 292 11594 11594
(0)	279 327 11594 11594
(0)	279 328 11594 11594
(0)	280 13 11898 11898
(0)	282 263 10784 10784
(0)	283 212 9205 9205
(0)	285 79 11594 11594
(0)	285 199 11594 11594
(0)	285 279 11594 11594
(0)	285 292 11594 11594
(0)	285 327 11594 11594
(0)	285 328 11594 11594
(0)	287 329 11902 11902
(0)	289 108 11159 11159
(0)	289 137 11159 11159
(0)	290 253 9533 9533
(0)	292 79 11594 11594
(0)	292 199 11594 11594
(0)	292 279 11594 11594
(0)	292 285 11594 11594
(0)	292 327 11594 11594
(0)	292 328 11594 11594
(0)	293 21 12548 12548
(0)	294 64 11669 11669
(0)	294 224 11669 11669
(0)	294 305 11669 11669
(0)	295 89 12584 12584
(0)	295 154 12584 12584
(0)	295 164 12584 12584
(0)	295 207 12584 12584
(0)	295 248 12584 12584
(0)	295 317 12584 12584
(0)	295 351 12584 12584
(0)	296 67 11797 11797
(0)	296 184 11797 11797
(0)	296 238 11797 11797
(0)	297 340 11477 11477
(0)	298 249 12687 12687
(0)	299 124 12992 12992
(0)	299 228 12992 12992
(0)	299 247 12992 12992
(0)	300 130 9778 9778
(0)	301 309 9332 9332
(0)	303 160 11944 11944
(0)	303 219 11944 11944
(0)	303 242 11944 11944
(0)	303 315 11944 11944
(0)	303 331 11944 11944
(0)	304 50 11439 11439
(0)	304 128 11439 11439
(0)	304 171 11439 11439
(0)	304 186 11439 11439
(0)	304 190 11439 11439
(0)	304 233 11439 11439
(0)	305 64 11669 11669
(0)	305 224 11669 11669
(0)	305 294 11669 11669
(0)	306 48 11879 11879
(0)	306 121 11879 11879
(0)	306 174 11879 11879
(0)	306 244 11879 11879
(0)	308 158 12573 12573
(0)	308 178 12573 12573
(0)	308 261 12573 12573
(0)	309 301 9332 9332
(0)	310 323 10250 10250
(0)	313 225 9678 9678
(0)	314 264 12545 12545
(0)	315 160 11944 11944
(0)	315 219 11944 11944
(0)	315 242 11944 11944
(0)	315 303 11944 11944
(0)	315 331 11944 11944
(0)	316 193 10586 10586
(0)	316 232 10586 10586
(0)	317 89 12584 12584
(0)	317 154 12584 12584
(0)	317 164 12584 12584
(0)	317 207 12584 12584
(0)	317 248 12584 12584
(0)	317 295 12584 12584
(0)	317 351 12584 12584
(0)	318 324 12384 12384
(0)	320 118 12897 12897
(0)	321 185 11900 11900
(0)	322 92 10228 10228
(0)	322 195 10228 10228
(0)	322 214 10228 10228
(0)	322 339 10228 10228
(0)	323 310 10250 10250
(0)	324 318 12384 12384
(0)	325 257 9541 9541
(0)	326 140 11496 11496
(0)	326 150 11496 11496
(0)	326 210 11496 11496
(0)	327 79 11594 11594
(0)	327 199 11594 11594
(0)	327 279 11594 11594
(0)	327 285 11594 11594
(0)	327 292 11594 11594
(0)	327 328 11594 11594
(0)	328 79 11594 11594
(0)	328 199 11594 11594
(0)	328 279 11594 11594
(0)	328 285 11594 11594
(0)	328 292 11594 11594
(0)	328 327 11594 11594
(0)	329 287 11902 11902
(0)	330 3 12943 12943
(0)	330 32 12943 12943
(0)	331 160 11944 11944
(0)	331 219 11944 11944
(0)	331 242 11944 11944
(0)	331 303 11944 11944
(0)	331 315 11944 11944
(0)	332 59 10125 10125
(0)	332 73 10125 10125
(0)	332 188 10125 10125
(0)	332 203 10125 10125
(0)	333 145 11157 11157
(0)	333 245 11157 11157
(0)	339 92 10228 10228
(0)	339 195 10228 10228
(0)	339 214 10228 10228
(0)	339 322 10228 10228
(0)	340 297 11477 11477
(0)	341 54 9874 9874
(0)	341 86 9874 9874
(0)	341 133 9874 9874
(0)	341 196 9874 9874
(0)	341 241 9874 9874
(0)	342 217 11886 11886
(0)	342 344 11886 11886
(0)	343 100 12005 12005
(0)	344 217 11886 11886
(0)	344 342 11886 11886
(0)	345 77 12400 12400
(0)	345 216 12400 12400
(0)	346 117 10260 10260
(0)	347 57 10351 10351
(0)	347 273 10351 10351
(0)	348 37 9203 9203
(0)	349 192 11567 11567
(0)	351 89 12584 12584
(0)	351 154 12584 12584
(0)	351 164 12584 12584
(0)	351 207 12584 12584
(0)	351 248 12584 12584
(0)	351 295 12584 12584
(0)	351 317 12584 12584
